ns "trace A [ADC]" "trace B [ADC]"
30875 -1864.225806451613 -1882.9193548387098
30876 -1864.236559139785 -1882.9623655913979
30877 -1864.236559139785 -1882.8440860215053
30878 -1864.0860215053763 -1882.763440860215
30880 -1864.467741935484 -1883.0591397849462
30881 -1864.510752688172 -1882.494623655914
30882 -1864.483870967742 -1882.1881720430108
30883 -1863.989247311828 -1882.3602150537633
30885 -1864.1505376344087 -1882.225806451613
30886 -1864.0967741935483 -1882.3225806451612
30887 -1864.279569892473 -1882.4408602150538
30888 -1864.5967741935483 -1881.9569892473119
30890 -1864.2903225806451 -1881.6182795698924
30891 -1863.8978494623657 -1881.9301075268818
30892 -1864.3602150537633 -1881.9247311827958
30893 -1863.97311827957 -1882.3494623655913
30895 -1863.97311827957 -1881.8118279569892
30896 -1863.989247311828 -1881.763440860215
30897 -1863.7043010752689 -1881.8279569892472
30898 -1863.8172043010752 -1881.8978494623657
30900 -1863.9247311827958 -1881.779569892473
30901 -1863.752688172043 -1882.0537634408602
30902 -1863.9462365591398 -1881.9462365591398
30903 -1863.763440860215 -1881.978494623656
30905 -1863.7956989247311 -1882.1827956989248
30906 -1863.6827956989248 -1882.3440860215053
30907 -1863.8172043010752 -1882.3978494623657
30908 -1863.52688172043 -1882.3172043010752
30910 -1863.8978494623657 -1882.3172043010752
30911 -1863.6989247311828 -1882.284946236559
30912 -1863.7096774193549 -1882.3118279569892
30913 -1863.715053763441 -1882.236559139785
30915 -1863.9247311827958 -1881.978494623656
30916 -1863.3494623655913 -1882.1290322580646
30917 -1863.8279569892472 -1882.0698924731182
30918 -1863.1505376344087 -1881.784946236559
30920 -1863.1774193548388 -1881.7096774193549
30921 -1862.9623655913979 -1881.5913978494623
30922 -1863.0698924731182 -1881.3225806451612
30923 -1862.8279569892472 -1881.6666666666667
30925 -1863.1559139784947 -1881.5430107526881
30926 -1863.0 -1881.0483870967741
30927 -1862.8817204301076 -1880.763440860215
30928 -1863.02688172043 -1880.8440860215053
30930 -1862.989247311828 -1880.8817204301076
30931 -1862.8655913978494 -1880.9354838709678
30932 -1863.032258064516 -1880.6720430107528
30933 -1862.3548387096773 -1880.3010752688172
30935 -1862.3225806451612 -1880.1505376344087
30936 -1862.510752688172 -1880.4462365591398
30937 -1862.8010752688172 -1880.3225806451612
30938 -1862.3333333333333 -1880.252688172043
30940 -1862.252688172043 -1880.3225806451612
30941 -1862.0537634408602 -1880.225806451613
30942 -1861.8333333333333 -1879.97311827957
30943 -1861.720430107527 -1880.1505376344087
30945 -1861.6881720430108 -1880.1182795698924
30946 -1861.0430107526881 -1880.236559139785
30947 -1861.3172043010752 -1880.1505376344087
30948 -1861.0 -1879.8870967741937
30950 -1860.8870967741937 -1879.8010752688172
30951 -1860.8333333333333 -1879.5752688172042
30952 -1860.6397849462367 -1879.4301075268818
30953 -1860.52688172043 -1879.6021505376343
30955 -1860.4032258064517 -1879.3548387096773
30956 -1860.3440860215053 -1878.9354838709678
30957 -1860.494623655914 -1879.016129032258
30958 -1860.1935483870968 -1878.989247311828
30960 -1860.3548387096773 -1878.8387096774193
30961 -1859.8440860215053 -1878.758064516129
30962 -1859.725806451613 -1878.6397849462367
30963 -1860.0430107526881 -1878.478494623656
30965 -1860.3387096774193 -1878.3333333333333
30966 -1859.994623655914 -1878.3172043010752
30967 -1859.784946236559 -1878.263440860215
30968 -1859.8709677419354 -1878.4032258064517
30970 -1860.3118279569892 -1878.0645161290322
30971 -1860.1612903225807 -1877.8225806451612
30972 -1860.521505376344 -1877.8118279569892
30973 -1859.8548387096773 -1877.9086021505377
30975 -1859.7956989247311 -1877.7096774193549
30976 -1859.6612903225807 -1877.8494623655913
30977 -1859.720430107527 -1877.8817204301076
30978 -1859.2096774193549 -1877.7043010752689
30980 -1860.016129032258 -1877.8924731182797
30981 -1859.8548387096773 -1877.9516129032259
30982 -1859.8763440860216 -1877.8118279569892
30983 -1859.4086021505377 -1877.967741935484
30985 -1859.3548387096773 -1877.8602150537633
30986 -1859.9408602150538 -1877.5860215053763
30987 -1860.52688172043 -1878.0483870967741
30988 -1860.3064516129032 -1877.9462365591398
30990 -1860.3225806451612 -1877.731182795699
30991 -1859.8279569892472 -1878.016129032258
30992 -1860.274193548387 -1877.8978494623657
30993 -1860.2096774193549 -1878.0698924731182
30995 -1860.763440860215 -1877.9623655913979
30996 -1860.978494623656 -1877.8333333333333
30997 -1861.0645161290322 -1877.9408602150538
30998 -1860.231182795699 -1878.2043010752689
31000 -1860.779569892473 -1878.258064516129
31001 -1860.6989247311828 -1878.1720430107528
31002 -1860.741935483871 -1878.0752688172042
31003 -1860.284946236559 -1878.274193548387
31005 -1860.7903225806451 -1878.6612903225807
31006 -1860.758064516129 -1878.7903225806451
31007 -1861.516129032258 -1878.5806451612902
31008 -1861.0806451612902 -1878.494623655914
31010 -1861.3279569892472 -1878.731182795699
31011 -1861.2903225806451 -1878.8978494623657
31012 -1861.3225806451612 -1879.2043010752689
31013 -1860.8118279569892 -1879.516129032258
31015 -1861.225806451613 -1879.2903225806451
31016 -1860.983870967742 -1879.252688172043
31017 -1860.978494623656 -1879.274193548387
31018 -1861.516129032258 -1879.521505376344
31020 -1861.6397849462367 -1879.483870967742
31021 -1861.489247311828 -1879.483870967742
31022 -1861.8172043010752 -1879.3548387096773
31023 -1861.7096774193549 -1879.5430107526881
31025 -1862.1989247311828 -1879.6827956989248
31026 -1862.1559139784947 -1879.715053763441
31027 -1862.284946236559 -1879.6935483870968
31028 -1861.9516129032259 -1879.97311827957
31030 -1862.4354838709678 -1879.967741935484
31031 -1862.3763440860216 -1880.1451612903227
31032 -1862.4623655913979 -1880.279569892473
31033 -1862.225806451613 -1880.0430107526881
31035 -1862.3118279569892 -1879.8817204301076
31036 -1861.9086021505377 -1880.3494623655913
31037 -1862.3225806451612 -1880.1612903225807
31038 -1862.5591397849462 -1880.3333333333333
31040 -1862.8870967741937 -1880.4193548387098
31041 -1862.983870967742 -1880.4516129032259
31042 -1863.1182795698924 -1880.5645161290322
31043 -1862.7043010752689 -1880.9301075268818
31045 -1863.0967741935483 -1880.736559139785
31046 -1862.994623655914 -1880.532258064516
31047 -1862.8225806451612 -1880.9462365591398
31048 -1862.9462365591398 -1881.4193548387098
31050 -1863.1129032258063 -1881.478494623656
31051 -1862.774193548387 -1881.467741935484
31052 -1863.1559139784947 -1881.4247311827958
31053 -1862.752688172043 -1881.5806451612902
31055 -1862.6720430107528 -1881.6451612903227
31056 -1862.3548387096773 -1881.6989247311828
31057 -1862.3763440860216 -1881.521505376344
31058 -1861.6290322580646 -1881.3118279569892
31060 -1861.478494623656 -1881.1881720430108
31061 -1860.9247311827958 -1880.8387096774193
31062 -1860.505376344086 -1880.2903225806451
31063 -1860.274193548387 -1880.1935483870968
31065 -1860.220430107527 -1879.6182795698924
31066 -1859.1827956989248 -1879.47311827957
31067 -1859.3602150537633 -1878.5967741935483
31068 -1859.3440860215053 -1878.3333333333333
31070 -1859.478494623656 -1877.9408602150538
31071 -1859.8225806451612 -1877.725806451613
31072 -1860.1129032258063 -1877.6720430107528
31073 -1859.1827956989248 -1877.6505376344087
31075 -1859.3817204301076 -1877.510752688172
31076 -1859.0752688172042 -1877.258064516129
31077 -1858.6774193548388 -1877.247311827957
31078 -1858.1344086021506 -1877.0913978494623
31080 -1857.9193548387098 -1877.0645161290322
31081 -1856.1021505376343 -1877.0645161290322
31082 -1854.5 -1876.4354838709678
31083 -1850.4462365591398 -1875.8602150537633
31085 -1844.97311827957 -1874.510752688172
31086 -1836.1344086021506 -1872.715053763441
31087 -1823.1451612903227 -1869.5537634408602
31088 -1804.4623655913979 -1864.1505376344087
31090 -1777.6720430107528 -1855.4032258064517
31091 -1743.3602150537633 -1842.0376344086021
31092 -1705.3870967741937 -1823.4408602150538
31093 -1659.215053763441 -1797.9462365591398
31095 -1605.6236559139784 -1764.758064516129
31096 -1552.032258064516 -1724.8225806451612
31097 -1499.5483870967741 -1679.010752688172
31098 -1452.483870967742 -1628.6612903225807
31100 -1413.8548387096773 -1575.494623655914
31101 -1379.6720430107528 -1523.241935483871
31102 -1350.8172043010752 -1474.8978494623657
31103 -1324.0430107526881 -1432.8333333333333
31105 -1299.258064516129 -1395.5591397849462
31106 -1274.0860215053763 -1364.0698924731182
31107 -1243.6451612903227 -1336.2956989247311
31108 -1210.8978494623657 -1310.994623655914
31110 -1178.3548387096773 -1286.4247311827958
31111 -1135.279569892473 -1259.4516129032259
31112 -1085.5752688172042 -1227.252688172043
31113 -1035.8655913978494 -1190.967741935484
31115 -982.3494623655914 -1148.3548387096773
31116 -917.9086021505376 -1100.4516129032259
31117 -852.494623655914 -1048.215053763441
31118 -784.8709677419355 -990.2741935483871
31120 -712.0215053763441 -927.5537634408602
31121 -637.9731182795699 -861.3548387096774
31122 -569.3548387096774 -790.6666666666666
31123 -508.44086021505376 -718.2204301075269
31125 -462.86021505376345 -645.8924731182796
31126 -426.9139784946237 -575.7258064516129
31127 -395.38709677419354 -511.3333333333333
31128 -383.28494623655916 -458.31182795698925
31130 -380.2741935483871 -417.13978494623655
31131 -385.63440860215053 -388.23655913978496
31132 -402.7903225806452 -372.2204301075269
31133 -417.7795698924731 -367.76881720430106
31135 -428.741935483871 -370.1290322580645
31136 -443.741935483871 -379.26881720430106
31137 -458.26344086021504 -392.2043010752688
31138 -473.0483870967742 -406.741935483871
31140 -484.90860215053766 -422.14516129032256
31141 -484.69354838709677 -436.4569892473118
31142 -487.1290322580645 -448.0483870967742
31143 -489.46774193548384 -457.9032258064516
31145 -483.59139784946234 -464.4193548387097
31146 -480.8494623655914 -467.9462365591398
31147 -476.7043010752688 -467.59139784946234
31148 -466.2956989247312 -464.76881720430106
31150 -453.8763440860215 -458.5967741935484
31151 -436.4032258064516 -448.7795698924731
31152 -418.2258064516129 -436.0483870967742
31153 -393.48924731182797 -421.53225806451616
31155 -367.9516129032258 -403.97849462365593
31156 -346.76344086021504 -385.06451612903226
31157 -317.33870967741933 -364.88709677419354
31158 -272.741935483871 -341.3225806451613
31160 -221.7688172043011 -312.9516129032258
31161 -162.98387096774192 -279.505376344086
31162 -90.95698924731182 -239.58064516129033
31163 -12.89247311827957 -191.53225806451613
31165 71.38172043010752 -133.3279569892473
31166 165.51075268817203 -64.51075268817205
31167 269.4569892473118 14.935483870967742
31168 373.3817204301075 101.91935483870968
31170 462.98387096774195 193.01075268817203
31171 538.3602150537635 285.18279569892474
31172 598.3548387096774 374.19354838709677
31173 644.5537634408602 455.1182795698925
31175 668.1129032258065 526.1397849462365
31176 670.252688172043 582.9731182795699
31177 657.5537634408602 623.5967741935484
31178 625.4623655913979 649.3387096774194
31180 578.9032258064516 660.0806451612904
31181 526.505376344086 655.3064516129032
31182 470.55913978494624 636.9139784946236
31183 408.81182795698925 606.3064516129032
31185 336.26881720430106 567.5
31186 272.03225806451616 522.3655913978495
31187 219.58064516129033 472.8494623655914
31188 168.7258064516129 420.80645161290323
31190 117.72043010752688 367.03225806451616
31191 72.08602150537635 313.13978494623655
31192 28.129032258064516 261.0483870967742
31193 -1.3172043010752688 211.3978494623656
31195 -17.473118279569892 166.6021505376344
31196 -29.397849462365592 127.76344086021506
31197 -32.63978494623656 96.13440860215054
31198 -31.370967741935484 72.39784946236558
31200 -27.311827956989248 55.96774193548387
31201 -17.177419354838708 46.31182795698925
31202 -6.349462365591398 43.946236559139784
31203 -0.9838709677419355 48.56989247311828
31205 12.731182795698924 57.483870967741936
31206 32.59139784946237 67.36021505376344
31207 38.973118279569896 80.05376344086021
31208 44.0 93.6774193548387
31210 48.354838709677416 105.66666666666667
31211 46.75268817204301 115.47311827956989
31212 48.54838709677419 124.51075268817205
31213 52.026881720430104 130.6720430107527
31215 48.55913978494624 134.98387096774192
31216 45.19892473118279 137.7258064516129
31217 40.18817204301075 137.44623655913978
31218 30.317204301075268 134.50537634408602
31220 13.806451612903226 131.22043010752688
31221 1.5806451612903225 125.21505376344086
31222 -4.263440860215054 117.13978494623656
31223 -13.516129032258064 109.06989247311827
31225 -29.79032258064516 101.6774193548387
31226 -44.344086021505376 93.15053763440861
31227 -58.77956989247312 83.85483870967742
31228 -81.0752688172043 73.05913978494624
31230 -117.10752688172043 60.10215053763441
31231 -164.16666666666666 41.77956989247312
31232 -220.40860215053763 17.806451612903224
31233 -285.0698924731183 -14.602150537634408
31235 -360.86559139784947 -59.02150537634409
31236 -449.5860215053763 -116.61290322580645
31237 -544.4623655913979 -186.45698924731184
31238 -641.983870967742 -269.2258064516129
31240 -740.5860215053764 -361.6774193548387
31241 -833.5430107526881 -459.09139784946234
31242 -925.9247311827957 -559.2096774193549
31243 -1013.9193548387096 -662.0322580645161
31245 -1091.9516129032259 -763.3494623655914
31246 -1161.725806451613 -860.8978494623656
31247 -1223.532258064516 -952.8817204301075
31248 -1274.4408602150538 -1036.994623655914
31250 -1320.279569892473 -1111.5376344086021
31251 -1359.52688172043 -1176.4462365591398
31252 -1392.3387096774193 -1231.9569892473119
31253 -1421.1881720430108 -1279.9516129032259
31255 -1445.8655913978494 -1321.4086021505377
31256 -1465.6075268817203 -1357.3225806451612
31257 -1485.016129032258 -1387.5913978494623
31258 -1501.6774193548388 -1413.6344086021506
31260 -1512.6612903225807 -1435.736559139785
31261 -1522.747311827957 -1455.4193548387098
31262 -1532.8978494623657 -1471.8655913978494
31263 -1540.4032258064517 -1484.252688172043
31265 -1548.9139784946237 -1494.516129032258
31266 -1557.4623655913979 -1505.241935483871
31267 -1567.2096774193549 -1514.5913978494623
31268 -1576.779569892473 -1524.6505376344087
31270 -1586.8494623655913 -1534.758064516129
31271 -1597.741935483871 -1545.1935483870968
31272 -1610.494623655914 -1556.731182795699
31273 -1620.983870967742 -1569.3924731182797
31275 -1630.731182795699 -1581.8440860215053
31276 -1640.3817204301076 -1594.505376344086
31277 -1649.252688172043 -1606.521505376344
31278 -1657.715053763441 -1617.225806451613
31280 -1665.8225806451612 -1627.1881720430108
31281 -1671.3010752688172 -1635.5860215053763
31282 -1675.5483870967741 -1642.6774193548388
31283 -1678.6021505376343 -1648.8548387096773
31285 -1681.0376344086021 -1654.1989247311828
31286 -1682.032258064516 -1659.02688172043
31287 -1683.8010752688172 -1663.0967741935483
31288 -1685.9032258064517 -1667.467741935484
31290 -1687.8064516129032 -1670.521505376344
31291 -1688.8387096774193 -1673.489247311828
31292 -1691.6344086021506 -1676.0752688172042
31293 -1694.8924731182797 -1678.3978494623657
31295 -1698.0483870967741 -1680.252688172043
31296 -1701.8870967741937 -1681.9139784946237
31297 -1705.9354838709678 -1684.4408602150538
31298 -1709.1129032258063 -1687.0698924731182
31300 -1711.9569892473119 -1689.1559139784947
31301 -1715.4301075268818 -1691.4301075268818
31302 -1719.0967741935483 -1694.0376344086021
31303 -1723.4516129032259 -1696.6612903225807
31305 -1728.274193548387 -1699.8225806451612
31306 -1732.6559139784947 -1702.994623655914
31307 -1737.978494623656 -1705.8494623655913
31308 -1741.6290322580646 -1708.741935483871
31310 -1744.016129032258 -1712.3225806451612
31311 -1747.52688172043 -1715.4139784946237
31312 -1751.483870967742 -1718.9139784946237
31313 -1754.010752688172 -1721.6505376344087
31315 -1755.8064516129032 -1724.8387096774193
31316 -1758.6129032258063 -1728.1397849462367
31317 -1760.989247311828 -1731.6021505376343
31318 -1762.1881720430108 -1734.9516129032259
31320 -1764.494623655914 -1737.758064516129
31321 -1766.3279569892472 -1740.4301075268818
31322 -1766.5967741935483 -1743.1075268817203
31323 -1767.274193548387 -1745.6720430107528
31325 -1768.9354838709678 -1747.6666666666667
31326 -1770.3817204301076 -1749.9247311827958
31327 -1772.6451612903227 -1751.5860215053763
31328 -1772.9086021505377 -1753.467741935484
31330 -1774.3064516129032 -1754.994623655914
31331 -1777.7956989247311 -1756.1666666666667
31332 -1779.97311827957 -1757.8602150537633
31333 -1780.3924731182797 -1759.3440860215053
31335 -1781.241935483871 -1760.4032258064517
31336 -1781.9193548387098 -1761.8709677419354
31337 -1783.8978494623657 -1762.6129032258063
31338 -1784.5537634408602 -1763.467741935484
31340 -1785.3440860215053 -1764.7043010752689
31341 -1786.8118279569892 -1766.1236559139784
31342 -1788.8010752688172 -1767.6935483870968
31343 -1789.5752688172042 -1769.768817204301
31345 -1791.220430107527 -1771.1505376344087
31346 -1793.0913978494623 -1772.720430107527
31347 -1794.258064516129 -1774.715053763441
31348 -1794.6129032258063 -1775.9354838709678
31350 -1795.2096774193549 -1777.3655913978494
31351 -1796.978494623656 -1778.989247311828
31352 -1798.1344086021506 -1779.5537634408602
31353 -1797.9301075268818 -1780.6559139784947
31355 -1799.0591397849462 -1782.3172043010752
31356 -1799.0376344086021 -1783.8870967741937
31357 -1799.7956989247311 -1784.9032258064517
31358 -1801.4247311827958 -1785.978494623656
31360 -1802.763440860215 -1787.231182795699
31361 -1803.3333333333333 -1788.5645161290322
31362 -1804.9462365591398 -1790.532258064516
31363 -1806.483870967742 -1792.3440860215053
31365 -1807.2956989247311 -1794.3655913978494
31366 -1808.3010752688172 -1796.5483870967741
31367 -1809.1075268817203 -1798.3602150537633
31368 -1808.731182795699 -1800.1666666666667
31370 -1808.231182795699 -1802.02688172043
31371 -1807.6505376344087 -1803.8602150537633
31372 -1808.4301075268818 -1805.4354838709678
31373 -1806.9193548387098 -1806.989247311828
31375 -1805.9086021505377 -1808.2043010752689
31376 -1805.8010752688172 -1808.8225806451612
31377 -1805.478494623656 -1809.8333333333333
31378 -1806.236559139785 -1810.779569892473
31380 -1805.8655913978494 -1811.1129032258063
31381 -1803.8279569892472 -1811.6559139784947
31382 -1803.6290322580646 -1812.231182795699
31383 -1803.005376344086 -1812.47311827957
31385 -1803.494623655914 -1812.763440860215
31386 -1804.1505376344087 -1812.725806451613
31387 -1802.9569892473119 -1812.8118279569892
31388 -1801.8763440860216 -1813.02688172043
31390 -1802.483870967742 -1812.731182795699
31391 -1801.8010752688172 -1812.9354838709678
31392 -1802.0483870967741 -1813.510752688172
31393 -1801.9569892473119 -1813.1344086021506
31395 -1800.9623655913979 -1812.9086021505377
31396 -1801.3924731182797 -1813.0591397849462
31397 -1802.3010752688172 -1813.5591397849462
31398 -1801.8010752688172 -1813.231182795699
31400 -1803.483870967742 -1813.4516129032259
31401 -1805.3279569892472 -1813.8118279569892
31402 -1805.5 -1814.284946236559
31403 -1804.279569892473 -1814.2956989247311
31405 -1804.4032258064517 -1814.3333333333333
31406 -1804.3655913978494 -1814.241935483871
31407 -1803.989247311828 -1814.3763440860216
31408 -1802.258064516129 -1814.258064516129
31410 -1801.1505376344087 -1814.274193548387
31411 -1800.3978494623657 -1814.241935483871
31412 -1800.236559139785 -1813.731182795699
31413 -1800.6774193548388 -1813.1021505376343
31415 -1801.1720430107528 -1812.7903225806451
31416 -1800.5430107526881 -1812.9516129032259
31417 -1800.3978494623657 -1813.3763440860216
31418 -1801.3172043010752 -1813.5698924731182
31420 -1803.0645161290322 -1813.4354838709678
31421 -1803.02688172043 -1813.494623655914
31422 -1802.8279569892472 -1813.6236559139784
31423 -1801.8763440860216 -1813.9193548387098
31425 -1801.3924731182797 -1813.8172043010752
31426 -1801.532258064516 -1813.736559139785
31427 -1802.47311827957 -1814.0483870967741
31428 -1802.9569892473119 -1814.284946236559
31430 -1802.6774193548388 -1814.3118279569892
31431 -1802.220430107527 -1814.5483870967741
31432 -1802.52688172043 -1814.3709677419354
31433 -1802.725806451613 -1814.1827956989248
31435 -1803.0860215053763 -1814.0483870967741
31436 -1802.736559139785 -1813.9462365591398
31437 -1802.758064516129 -1814.231182795699
31438 -1802.6505376344087 -1814.1720430107528
31440 -1802.52688172043 -1814.5698924731182
31441 -1801.8118279569892 -1815.010752688172
31442 -1801.4032258064517 -1815.225806451613
31443 -1800.1344086021506 -1815.4032258064517
31445 -1800.215053763441 -1815.5537634408602
31446 -1801.4193548387098 -1815.6612903225807
31447 -1802.731182795699 -1815.8817204301076
31448 -1802.994623655914 -1816.768817204301
31450 -1803.9086021505377 -1816.9301075268818
31451 -1803.6559139784947 -1817.236559139785
31452 -1804.1021505376343 -1817.3172043010752
31453 -1804.247311827957 -1817.7043010752689
31455 -1804.3548387096773 -1818.1612903225807
31456 -1805.1129032258063 -1818.8763440860216
31457 -1805.5 -1819.6236559139784
31458 -1804.284946236559 -1819.6881720430108
31460 -1803.284946236559 -1820.3440860215053
31461 -1803.4516129032259 -1820.9086021505377
31462 -1803.978494623656 -1821.3817204301076
31463 -1803.8225806451612 -1822.032258064516
31465 -1804.279569892473 -1822.9569892473119
31466 -1805.241935483871 -1823.252688172043
31467 -1806.231182795699 -1823.4139784946237
31468 -1806.6666666666667 -1824.4354838709678
31470 -1806.9301075268818 -1824.8870967741937
31471 -1807.3279569892472 -1825.3548387096773
31472 -1807.8064516129032 -1825.6075268817203
31473 -1807.6559139784947 -1825.8010752688172
31475 -1807.779569892473 -1825.9086021505377
31476 -1807.0806451612902 -1826.6344086021506
31477 -1808.215053763441 -1826.774193548387
31478 -1809.4354838709678 -1826.6827956989248
31480 -1809.6505376344087 -1826.9086021505377
31481 -1809.9569892473119 -1827.247311827957
31482 -1810.6774193548388 -1828.02688172043
31483 -1810.4569892473119 -1828.5860215053763
31485 -1810.6451612903227 -1828.9032258064517
31486 -1811.8655913978494 -1829.4032258064517
31487 -1813.5 -1829.768817204301
31488 -1812.9086021505377 -1830.258064516129
31490 -1813.6612903225807 -1831.1236559139784
31491 -1815.1075268817203 -1831.9301075268818
31492 -1815.6451612903227 -1832.5698924731182
31493 -1815.8655913978494 -1833.252688172043
31495 -1816.6397849462367 -1833.3655913978494
31496 -1817.1935483870968 -1833.483870967742
31497 -1817.784946236559 -1834.3440860215053
31498 -1819.02688172043 -1835.1612903225807
31500 -1820.6182795698924 -1835.4408602150538
31501 -1820.9139784946237 -1835.97311827957
31502 -1822.3978494623657 -1836.6881720430108
31503 -1823.231182795699 -1837.4086021505377
31505 -1823.6881720430108 -1838.1559139784947
31506 -1824.736559139785 -1839.241935483871
31507 -1825.779569892473 -1839.9516129032259
31508 -1826.3387096774193 -1840.784946236559
31510 -1827.3978494623657 -1841.5806451612902
31511 -1827.5860215053763 -1842.752688172043
31512 -1828.3978494623657 -1844.0806451612902
31513 -1828.3709677419354 -1845.1397849462367
31515 -1829.8709677419354 -1845.994623655914
31516 -1831.2903225806451 -1846.9247311827958
31517 -1832.483870967742 -1847.752688172043
31518 -1833.3817204301076 -1848.505376344086
31520 -1834.4354838709678 -1848.989247311828
31521 -1834.478494623656 -1849.467741935484
31522 -1834.5591397849462 -1850.0591397849462
31523 -1834.9086021505377 -1850.9086021505377
31525 -1835.736559139785 -1851.9301075268818
31526 -1836.3655913978494 -1852.7903225806451
31527 -1837.021505376344 -1853.258064516129
31528 -1837.978494623656 -1854.016129032258
31530 -1838.774193548387 -1854.3924731182797
31531 -1839.1612903225807 -1855.0430107526881
31532 -1840.3279569892472 -1856.0430107526881
31533 -1840.0860215053763 -1855.9139784946237
31535 -1840.2096774193549 -1856.1344086021506
31536 -1840.284946236559 -1856.8870967741937
31537 -1840.02688172043 -1857.1290322580646
31538 -1839.8387096774193 -1857.5806451612902
31540 -1840.0430107526881 -1858.3279569892472
31541 -1840.220430107527 -1858.2096774193549
31542 -1841.005376344086 -1858.5430107526881
31543 -1841.4193548387098 -1859.1451612903227
31545 -1841.6935483870968 -1859.3709677419354
31546 -1841.5483870967741 -1859.6559139784947
31547 -1841.8709677419354 -1859.715053763441
31548 -1841.510752688172 -1860.0
31550 -1841.9408602150538 -1860.3010752688172
31551 -1842.1290322580646 -1860.7903225806451
31552 -1842.021505376344 -1860.8440860215053
31553 -1842.0483870967741 -1860.8870967741937
31555 -1842.6129032258063 -1861.0913978494623
31556 -1842.768817204301 -1861.1236559139784
31557 -1842.6021505376343 -1861.3655913978494
31558 -1842.0913978494623 -1861.52688172043
31560 -1842.2043010752689 -1861.3870967741937
31561 -1841.9623655913979 -1861.2043010752689
31562 -1842.5860215053763 -1861.489247311828
31563 -1842.3924731182797 -1861.8817204301076
31565 -1842.1881720430108 -1862.3010752688172
31566 -1842.9247311827958 -1862.8010752688172
31567 -1843.7096774193549 -1863.236559139785
31568 -1843.47311827957 -1863.6774193548388
31570 -1843.5752688172042 -1864.268817204301
31571 -1843.983870967742 -1864.8494623655913
31572 -1844.3494623655913 -1865.6290322580646
31573 -1844.1021505376343 -1866.1881720430108
31575 -1844.4193548387098 -1866.47311827957
31576 -1844.0806451612902 -1866.768817204301
31577 -1844.505376344086 -1867.52688172043
31578 -1844.3333333333333 -1867.8225806451612
31580 -1844.8440860215053 -1867.8709677419354
31581 -1845.4086021505377 -1868.0860215053763
31582 -1846.010752688172 -1868.3010752688172
31583 -1846.1236559139784 -1868.215053763441
31585 -1846.5376344086021 -1868.0967741935483
31586 -1846.3870967741937 -1867.768817204301
31587 -1846.6505376344087 -1867.3870967741937
31588 -1846.97311827957 -1867.3225806451612
31590 -1847.6397849462367 -1866.989247311828
31591 -1847.3279569892472 -1866.779569892473
31592 -1847.6989247311828 -1866.5430107526881
31593 -1847.7903225806451 -1865.9086021505377
31595 -1847.8978494623657 -1865.6827956989248
31596 -1848.3602150537633 -1865.784946236559
31597 -1848.231182795699 -1865.5483870967741
31598 -1847.6935483870968 -1865.1720430107528
31600 -1847.1290322580646 -1864.4247311827958
31601 -1846.6559139784947 -1864.016129032258
31602 -1846.5913978494623 -1864.6290322580646
31603 -1847.1935483870968 -1864.3494623655913
31605 -1847.4032258064517 -1863.8333333333333
31606 -1847.010752688172 -1863.6827956989248
31607 -1846.9462365591398 -1864.02688172043
31608 -1846.6397849462367 -1864.010752688172
31610 -1847.3225806451612 -1864.1344086021506
31611 -1848.1720430107528 -1864.3225806451612
31612 -1848.8064516129032 -1864.3118279569892
31613 -1848.510752688172 -1864.8118279569892
31615 -1848.1989247311828 -1864.9247311827958
31616 -1848.5430107526881 -1864.747311827957
31617 -1848.8548387096773 -1864.8602150537633
31618 -1848.8817204301076 -1864.9408602150538
31620 -1849.3440860215053 -1865.1182795698924
31621 -1848.6129032258063 -1865.4462365591398
31622 -1848.3010752688172 -1865.7096774193549
31623 -1848.6720430107528 -1865.3924731182797
